RedX = 0.243; 
RedY = 0.339; 
RedZ = 0.014;

WhiteX = 0.111; 
WhiteY = 0.070; 
WhiteZ = 0.014;

cameraAngle = 134;